[il_fullxfull.226290859.jpg]
filters=finetune2=1,0.824561,0.000000,0.016842,fff08c9f,1.000000;
moddate=6696efb10500d101
width=1500
height=1068
textactive=0
[body00.jpg]
filters=finetune2=1,0.514620,0.044912,0.000000,00000000,-0.368421;
moddate=0e9fd7396900d101
width=2560
height=1600
textactive=0
